2000157420018
2000149050018
2000149050018
2000149050018
2000148360019
2000148360019
2000148760017
2000148730010
2000165600013
2000165620011
2000170250012
2000165370015
2000165380014
2000192310015
2000192190013
2000193990018
2000151250017
2000184790016
2000159220012
2000157460014
2000148880012
2000148710012
2000148700013
2000113680012
2000113710016
2000117150016
2000148530016
2000113640016
2000126490011
2000113630017
2000117550014
2000117540015
2000137480018
2000126530014
2000162140017
2000106040014
2000130520018
2000139080018
2000120260016
2000138110013
2000138080019
2000150720016
2000123820019
2000117180013
2000117170014
2000117160015
2000106020016
2000117230015
2000178880013
2000113690011
2000113690011
2000113720015
2000063070017
2000120220010
2000160480016
2000073970017
2000113650015
2000139120011
2000139120011
2000193420010
2000193420010
2000193420010
2000193420010
2000193180013
2000193180013
2000193180013
2000202710019
2000202780012
2000193520017
2000193520017
2000193520017
2000193520017
2000193350010
2000193450017
2000193450017
2000193540015
2000193480014
2000193480014
2000193480014
2000193210017
2000193160015
2000202630010
2000202630010
2000202630010
2000202630010
2000202660017
2000202660017
2000193250013
2000192420011
2000192420011
2000192420011
2000192440019
2000192440019
2000192440019
2000192440019
2000192440019
2000192440019
2000192440019
2000192440019
2000192440019
2000193990018
2000193990018
2000193990018
2000193990018
2000193990018
2000194010012
2000194010012
2000194010012
2000194010012
2000194010012
2000194300014
2000194300014
2000194300014
2000194300014
2000194300014
2000194810018
2000194810018
2000194810018
2000194810018
2000194810018
2000194810018
2000194830016
2000194830016
2000194830016
2000194830016
2000194830016
2000194830016
2000194830016
2000194070016
2000194070016
2000194070016
2000194070016
2000194070016
2000193970010
2000193970010
2000193970010
2000193970010
2000193970010
2000193970010
2000193970010
2000195050017
2000195050017
2000195050017
2000195050017
2000195050017
2000195050017
2000195050017
2000192590011
2000192590011
2000192590011
2000192590011
2000192590011
2000192590011
2000192590011
2000193180013
2000193180013
2000193180013
2000202710019
2000202710019
2000202710019
2000202780012
2000202780012
2000202780012
2000202780012
2000193450017
2000193450017
2000193450017
2000193520017
2000193520017
2000193150016
2000193150016
2000193450017
2000193450017
2000193410011
2000193410011
2000194220015
2000194220015
2000194220015
2000194410010
2000194410010
2000194410010
2000194410010
2000194160014
2000194160014
2000194160014
2000194160014
2000194100010
2000194100010
2000194100010
2000194100010
2000192420011
2000192420011
2000192420011
2000192420011
2000192440019
2000192440019
2000192440019
2000192440019
2000192440019
2000192440019
2000193330012
2000193330012
2000193330012
2000193330012
2000193610015
2000193610015
2000193610015
2000193340011
2000193340011
2000193340011
2000202630010
2000202630010
2000202630010
2000202630010
2000202660017
2000202660017
2000202660017
2000202660017
2000195130016
2000195130016
2000195130016
2000195130016
2000195130016
2000195130016
2000195130016
2000195140015
2000195140015
2000195140015
2000195140015
2000195140015
2000195140015
2000193250013
2000193250013
2000193250013
2000193250013
2000193250013
2000193250013
2000193250013
2000193250013
2000193360019
2000193360019
2000193360019
2000193360019
2000193360019
2000193360019
2000193400012
2000193400012
2000193400012
2000193400012
2000193400012
2000193400012
2000194160014
2000194160014
2000194160014
2000194160014
2000148990018
2000148960011
2000163010012
2000186110010
2000186110010
2000186110010
2000186110010
2000163010012
2000163010012
2000163010012
2000163010012
2000163010012
2000165380014
2000165380014
2000165380014
2000148890011
2000148890011
2000148890011
2000148890011
2000148890011
2000148890011
2000148890011
2000148890011
2000148890011
2000148410011
2000148410011
2000177730012
2000177730012
2000177730012
2000177730012
2000177730012
2000177730012
2000170200017
2000170200017
2000170200017
2000170200017
2000157590018
2000157590018
2000157590018
2000157590018
2000157620012
2000157620012
2000157620012
2000157620012
2000158030018
2000158030018
2000158030018
2000159290015
2000159290015
2000159290015
2000176210010
2000176210010
2000176210010
2000176210010
2000159260018
2000159260018
2000159260018
2000186190012
2000186190012
2000186190012
2000186190012
2000186110010
2000186110010
2000186110010
2000186110010
2000151260016
2000151260016
2000151260016
2000151260016
2000151240018
2000151240018
2000151240018
2000187210016
2000187210016
2000187210016
2000187210016
2000187210016
2000187210016
2000157270019
2000157270019
2000157270019
2000157270019
2000157270019
2000181390011
2000181390011
2000181390011
2000181390011
2000181390011
2000157760015
2000157760015
2000157760015
2000157760015
2000184700015
2000184700015
2000184700015
2000184700015
2000186940013
2000186940013
2000186940013
2000184790016
2000184790016
2000184790016
2000184790016
2000187400011
2000187400011
2000187400011
2000187400011
2000187400011
2000187400011
2000187400011
2000189470012
2000189470012
2000189470012
2000189470012
2000189470012
2000189470012
2000189470012
2000175950016
2000175950016
2000189440015
2000189440015
2000189440015
2000189440015
2000189440015
2000189440015
2000189440015
2000185970011
2000185970011
2000185970011
2000106270015
2000106270015
2000106270015
2000106270015
2000103370015
2000103370015
2000103370015
2000103370015
2000103370015
2000175980013
2000175980013
2000175980013
2000175980013
2000175980013
2000175980013
2000175980013
2000175980013
2000175980013
2000175960015
2000175960015
2000175960015
2000175900011
2000175900011
2000175900011
2000170400011
2000170400011
2000170400011
2000170400011
2000162800010
2000170440017
2000170440017
2000170440017
2000170300014
2000170300014
2000170300014
2000162860014
2000162860014
2000162860014
2000170350019
2000170350019
2000170350019
2000170350019
2000170350019
2000186020012
2000186020012
2000186020012
2000186020012
2000186020012
2000186010013
2000186010013
2000186010013
2000186010013
2000186010013
2000186010013
2000185060019
2000185060019
2000185060019
2000185060019
2000185060019
2000185060019
2000197280016
2000197280016
2000197280016
2000197280016
2000197330018
2000197330018
2000197330018
2000197330018
2000197330018
2000197330018
2000197330018
2000197330018
2000197330018
2000120410015
2000120410015
2000120410015
2000120410015
2000120410015
2000120410015
2000128150012
2000128150012
2000128150012
2000128150012
2000158670016
2000158670016
2000113630017
